1 0.11999089017 65
2 0.325220328579 68
3 0.347315277375 92
4 0.257309171865 133
5 0.192590717049 68
6 0.196001050603 70
7 0.261765942764 160
8 0.153746069648 72
9 0.296672366897 70
10 0.57273935842 81
11 0.570483050789 176
12 0.439015465545 55
13 0.271243360509 178
14 0.317166898514 180
15 0.17707518168 83
16 0.432714100872 172
17 0.480228123558 176
18 0.19785318494 56
19 0.225380123161 165
20 0.616185429046 64
21 0.579738671538 46
22 0.475143570351 50
23 0.709297266606 50
24 0.616185429046 54
25 0.709297266606 48
26 0.616185429046 58
27 0.709297266606 49
28 0.0 45
29 0.709297266606 53
30 0.194314340169 48
31 0.0850786486169 64
32 0.616185429046 56
33 0.269696659983 113
34 0.30321606445 106
35 0.641841226123 161
36 0.269696659983 115
37 0.30321606445 102
38 0.0801088417081 182
39 0.269696659983 118
40 0.641841226123 173
41 0.269696659983 123
42 0.30321606445 102
43 0.30321606445 100
44 0.0845111509034 127
45 0.641841226123 158
46 0.0706163279953 115
47 0.641841226123 164
48 0.0578842480697 143
49 0.423466373761 200
50 0.310526610564 348
51 0.0 57
52 0.0 57
53 0.429467382601 342
54 0.568725136506 83
55 0.819099922963 93
56 0.2136644869 320
57 0.282112620258 224
58 0.0 50
59 0.159959703583 220
60 0.246059225821 390
61 0.132291328961 248
62 0.282336603779 545
63 0.243287570372 220
64 0.144375560629 224
65 0.811676152469 98
66 0.12552597175 221
67 0.0 57
68 0.519459125273 83
69 0.0 57
70 0.337335011031 342
71 0.225764846003 139
72 0.225764846003 143
73 0.333150388645 500
74 0.0 57
75 0.424137391947 230
76 0.489910039947 286
77 0.471101945854 231
78 0.536382984826 383
79 0.465896835767 332
80 0.187653308403 241
81 0.483777882624 352
82 0.230968943862 213
83 0.286403225386 119
84 0.313332381427 288
85 0.439574993959 298
86 0.260411537532 62
87 0.242124908226 297
88 0.283428955249 63
89 0.0 31
90 0.480101645825 326
91 0.14672215151 189
92 0.216262432295 216
93 0.185742838937 354
94 0.453409635463 262
95 0.558407644364 347
96 0.48069186467 285
97 0.489910039947 283
98 0.600914752078 280
99 0.563225191114 333
100 0.496877715794 278
101 0.0 31
102 0.614562841052 240
103 0.0806773653357 177
104 0.12962345491 292
105 0.224475880081 182
106 0.249747344885 169
107 0.0 75
108 0.469171314314 34
109 0.253101724178 80
110 0.288432362548 91
111 0.0475332331834 37
112 0.246827844412 139
113 0.0 206
114 0.160399229074 139
115 0.410362644952 96
116 0.175673415964 65
117 0.392850713413 205
118 0.113592764077 202
119 0.186317726128 100
120 0.0 125
121 0.350629519716 129
122 0.0 41
123 0.108301560419 41
124 0.34664855802 238
125 0.0 57
126 0.441418903961 95
127 0.123935355383 253
128 0.327667736898 94
129 0.473903924113 95
130 0.0475332331834 37
131 0.0438455222508 51
132 0.282203243498 156
133 0.0 101
134 0.253209449516 130
135 0.210865703081 70
136 0.684118854309 191
137 0.291219418564 113
138 0.41051002381 243
139 0.16704450906 181
140 0.332726921227 91
141 0.418627998579 239
142 0.204871549864 70
143 0.802291700577 89
144 0.42102089733 147
145 0.465852196813 55
146 0.0 192
147 0.283428955249 98
148 0.216628750916 157
149 0.240050850009 70
150 0.59951483602 125
151 0.0 126
152 0.485637258626 259
153 0.173037128915 96
154 0.087044467925 74
155 0.17077611319 287
156 0.448325909066 247
157 0.453575407193 63
158 0.387027943297 211
159 0.176220709268 118
160 0.107786269615 190
161 0.498408380911 97
162 0.231436178389 68
163 0.295249917895 143
164 0.407081366967 193
165 0.234759026412 203
166 0.390816905554 294
167 0.4358746043 315
168 0.422019540708 315
169 0.648310489684 184
170 0.0 51
171 0.391655952646 247
172 0.238919986475 294
173 0.380816532977 96
174 0.233998907864 146
175 0.168368421637 104
176 0.323391734687 99
177 0.368023208756 143
178 0.177168150105 102
179 0.116640333944 121
180 0.428795528936 185
181 0.425448100074 240
182 0.411207055068 80
183 0.3033190399 319
184 0.176939248741 258
185 0.424372748535 1007
186 0.27876450858 307
187 0.381430016076 177
188 0.420241631435 190
189 0.318784021754 161
190 0.410994583838 187
191 0.456922717645 244
192 0.0986796179799 108
193 0.0 153
194 0.356404939076 137
195 0.477629803605 259
196 0.0475464159418 37
197 0.139467070819 110
198 0.282611922633 142
199 0.25837199429 239
200 0.108094558674 140
201 0.481272475874 117
202 0.374974405209 281
203 0.11671773546 46
204 0.153031829542 74
205 0.245772329223 166
206 0.0354321032032 191
207 0.281748801275 254
208 0.222286408129 184
209 0.618076038708 97
210 0.266009658298 271
211 0.307427394027 467
212 0.0919327827393 142
213 0.348551456479 95
214 0.0777849755726 148
215 0.20675986425 166
216 0.497381159948 439
217 0.57692813545 199
218 0.0 57
219 0.318784021754 82
220 0.326079485267 363
221 0.559434359677 484
222 0.220288150562 37
223 0.733775851225 98
224 0.829554567673 93
225 0.220288150562 39
226 0.0 57
227 0.608325556366 73
228 0.540950053153 432
229 0.44833473326 390
230 0.150556969602 36
231 0.250742949194 108
232 0.145938914693 606
233 0.0 57
234 0.334718639727 736
235 0.193703049701 545
236 0.186791165966 207
237 0.330824095411 599
238 0.589846476106 108
239 0.561213087559 113
240 0.709568689661 89
241 0.214224113504 294
242 0.0873377090362 312
243 0.626430593855 84
244 0.0 57
245 0.0129980459869 149
246 0.0850786486169 37
247 0.158143716828 182
248 0.411207055068 98
249 0.0 77
250 0.122851793402 111
251 0.0602221328151 122
252 0.199508830948 251
253 0.411207055068 105
254 0.356300429333 118
255 0.514579486052 131
256 0.127932485045 217
257 0.203429351282 56
258 0.0 31
259 0.419469390996 442
260 0.535581567768 473
261 0.203429351282 56
262 0.189715395826 286
263 0.0 31
264 0.602974816038 86
265 0.201993092498 51
266 0.0 56
267 0.201993092498 55
268 0.0 55
269 0.0 77
270 0.0 77
271 0.144873511547 181
272 0.378555154551 426
273 0.0 77
274 0.382700717339 283
275 0.535613888855 279
276 0.317409249575 104
277 0.318784021754 138
278 0.294783945486 91
279 0.498348585604 422
280 0.0 77
281 0.0 65
282 0.454883807588 97
283 0.134222312035 181
284 0.48097310796 69
285 0.49398852569 101
286 0.299580052534 162
287 0.0 57
288 0.36771998047 45
289 0.506014709166 87
290 0.184431916623 45
291 0.288341393894 56
292 0.184355541926 183
293 0.115215543378 140
294 0.0 77
295 0.0 65
296 0.0 41
297 0.0501448933252 88
298 0.23593980595 63
299 0.0 31
300 0.0 31
301 0.3839484312 124
302 0.0 31
303 0.283428955249 56
304 0.258162555364 298
305 0.105522928904 110
306 0.161713780663 41
307 0.474330706497 41
308 0.283428955249 58
309 0.226740161356 83
310 0.0598932930264 112
311 0.0 31
312 0.0 31
313 0.369049895678 162
314 0.253253215771 157
315 0.235015131133 197
316 0.47937888531 101
317 0.0294653201148 72
318 0.0 74
319 0.0 113
320 0.091090901655 60
321 0.150640184987 70
322 0.276274998459 72
323 0.104828247059 105
324 0.397158151559 91
325 0.655210169304 185
326 0.0 114
327 0.0746135686366 60
328 0.0 31
329 0.406987131295 42
330 0.133858195539 66
331 0.570195823055 146
332 0.0 31
333 0.522203689867 232
334 0.380732466149 74
335 0.579738671538 49
336 0.0 44
337 0.0 31
338 0.194354700844 130
339 0.142878295621 130
340 0.0 31
341 0.0 31
342 0.0 31
343 0.301918529821 63
344 0.293507375709 115
345 0.158748369186 304
346 0.533414071267 50
347 0.533414071267 53
348 0.0 31
349 0.383926933521 50
350 0.0 31
351 0.293507375709 115
352 0.0 110
353 0.243008903458 36
354 0.0 115
355 0.439338734046 72
356 0.299571845254 115
357 0.288253784039 124
358 0.0 45
359 0.220288150562 89
360 0.198485108531 69
361 0.236676146958 36
362 0.0701624610292 160
363 0.518534031497 65
364 0.518534031497 52
365 0.0 31
366 0.273170127775 36
367 0.0 31
368 0.0 31
369 0.0 31
370 0.568653700592 88
371 0.228551260403 71
372 0.359090138962 74
373 0.322925416991 176
374 0.0 31
375 0.0148083146344 115
376 0.00999638077803 99
377 0.0127786628522 99
378 0.0 31
379 0.0 31
380 0.0 31
381 0.0 31
382 0.0 31
383 0.0839596659813 52
384 0.106631517184 154
385 0.0812072650743 52
386 0.133353720069 154
387 0.12725898701 40
388 0.273733071028 284
389 0.258362379338 115
390 0.313351930124 116
391 0.258362379338 115
392 0.409220807417 493
393 0.0 71
394 0.375567987067 133
395 0.177210610839 61
396 0.0229787021659 267
397 0.142919729522 61
398 0.104019498447 98
399 0.0 61
400 0.0 41
401 0.0 25
402 0.135557144619 36
403 0.0 31
404 0.0 31
405 0.514368245133 96
406 0.191513269902 48
407 0.0 36
408 0.0 31
409 0.0 31
410 0.0 31
411 0.243008903458 36
412 0.0 31
413 0.0 31
414 0.0 57
415 0.0 47
416 0.38768972948 78
417 0.0 51
418 0.123420151647 117
419 0.028712641401 116
420 0.291219418564 101
421 0.17077611319 47
422 0.0797025118127 57
423 0.0532045933627 146
424 0.136276341439 51
425 0.535855954873 78
426 0.106749462585 321
427 0.279258172567 148
428 0.030515708195 167
429 0.214572779299 120
430 0.254823253377 209
431 0.194865930704 182
432 0.292030765658 449
433 0.0884710334708 121
434 0.23841371985 225
435 0.401766333038 220
436 0.106749462585 321
437 0.393376527721 549
438 0.0467748131728 224
439 0.242143598595 176
440 0.267426843908 41
441 0.633057328445 208
442 0.267426843908 41
443 0.267426843908 41
444 0.267426843908 41
445 0.0 26
446 0.267426843908 41
447 0.0 26
448 0.367454090332 93
449 0.267426843908 41
450 0.335981363776 165
451 0.295058719041 60
452 0.244452107057 41
453 0.175521861014 41
454 0.670510152478 221
455 0.623966868812 152
456 0.617230982231 152
457 0.696525370739 221
458 0.151565636934 115
459 0.23271557343 109
460 0.0 31
461 0.130784832819 107
462 0.0 31
463 0.21439970613 221
464 0.183619753406 109
465 0.0 31
466 0.0 31
467 0.220288150562 36
1 0.11999089017 65
2 0.325220328579 68
3 0.347315277375 92
4 0.257309171865 133
5 0.192590717049 68
6 0.196001050603 70
7 0.261765942764 160
8 0.153746069648 72
9 0.296672366897 70
10 0.57273935842 81
11 0.570483050789 176
12 0.439015465545 55
13 0.271243360509 178
14 0.317166898514 180
15 0.17707518168 83
16 0.432714100872 172
17 0.480228123558 176
18 0.19785318494 56
19 0.225380123161 165
20 0.616185429046 64
21 0.579738671538 46
22 0.475143570351 50
23 0.709297266606 50
24 0.616185429046 54
25 0.709297266606 48
26 0.616185429046 58
27 0.709297266606 49
28 0.0 45
29 0.709297266606 53
30 0.194314340169 48
31 0.0850786486169 64
32 0.616185429046 56
33 0.269696659983 113
34 0.30321606445 106
35 0.641841226123 161
36 0.269696659983 115
37 0.30321606445 102
38 0.0801088417081 182
39 0.269696659983 118
40 0.641841226123 173
41 0.269696659983 123
42 0.30321606445 102
43 0.30321606445 100
44 0.0845111509034 127
45 0.641841226123 158
46 0.0706163279953 115
47 0.641841226123 164
48 0.0578842480697 143
49 0.423466373761 200
50 0.310526610564 348
51 0.0 57
52 0.0 57
53 0.429467382601 342
54 0.568725136506 83
55 0.819099922963 93
56 0.2136644869 320
57 0.282112620258 224
58 0.0 50
59 0.159959703583 220
60 0.246059225821 390
61 0.132291328961 248
62 0.282336603779 545
63 0.243287570372 220
64 0.144375560629 224
65 0.811676152469 98
66 0.12552597175 221
67 0.0 57
68 0.519459125273 83
69 0.0 57
70 0.337335011031 342
71 0.225764846003 139
72 0.225764846003 143
73 0.333150388645 500
74 0.0 57
75 0.424137391947 230
76 0.489910039947 286
77 0.471101945854 231
78 0.536382984826 383
79 0.465896835767 332
80 0.187653308403 241
81 0.483777882624 352
82 0.230968943862 213
83 0.286403225386 119
84 0.313332381427 288
85 0.439574993959 298
86 0.260411537532 62
87 0.242124908226 297
88 0.283428955249 63
89 0.0 31
90 0.480101645825 326
91 0.14672215151 189
92 0.216262432295 216
93 0.185742838937 354
94 0.453409635463 262
95 0.558407644364 347
96 0.48069186467 285
97 0.489910039947 283
98 0.600914752078 280
99 0.563225191114 333
100 0.496877715794 278
101 0.0 31
102 0.614562841052 240
103 0.0806773653357 177
104 0.12962345491 292
105 0.224475880081 182
106 0.249747344885 169
107 0.0 75
108 0.469171314314 34
109 0.253101724178 80
110 0.288432362548 91
111 0.0475332331834 37
112 0.246827844412 139
113 0.0 206
114 0.160399229074 139
115 0.410362644952 96
116 0.175673415964 65
117 0.392850713413 205
118 0.113592764077 202
119 0.186317726128 100
120 0.0 125
121 0.350629519716 129
122 0.0 41
123 0.108301560419 41
124 0.34664855802 238
125 0.0 57
126 0.441418903961 95
127 0.123935355383 253
128 0.327667736898 94
129 0.473903924113 95
130 0.0475332331834 37
131 0.0438455222508 51
132 0.282203243498 156
133 0.0 101
134 0.253209449516 130
135 0.210865703081 70
136 0.684118854309 191
137 0.291219418564 113
138 0.41051002381 243
139 0.16704450906 181
140 0.332726921227 91
141 0.418627998579 239
142 0.204871549864 70
143 0.802291700577 89
144 0.42102089733 147
145 0.465852196813 55
146 0.0 192
147 0.283428955249 98
148 0.216628750916 157
149 0.240050850009 70
150 0.59951483602 125
151 0.0 126
152 0.485637258626 259
153 0.173037128915 96
154 0.087044467925 74
155 0.17077611319 287
156 0.448325909066 247
157 0.453575407193 63
158 0.387027943297 211
159 0.176220709268 118
160 0.107786269615 190
161 0.498408380911 97
162 0.231436178389 68
163 0.295249917895 143
164 0.407081366967 193
165 0.234759026412 203
166 0.390816905554 294
167 0.4358746043 315
168 0.422019540708 315
169 0.648310489684 184
170 0.0 51
171 0.391655952646 247
172 0.238919986475 294
173 0.380816532977 96
174 0.233998907864 146
175 0.168368421637 104
176 0.323391734687 99
177 0.368023208756 143
178 0.177168150105 102
179 0.116640333944 121
180 0.428795528936 185
181 0.425448100074 240
182 0.411207055068 80
183 0.3033190399 319
184 0.176939248741 258
185 0.424372748535 1007
186 0.27876450858 307
187 0.381430016076 177
188 0.420241631435 190
189 0.318784021754 161
190 0.410994583838 187
191 0.456922717645 244
192 0.0986796179799 108
193 0.0 153
194 0.356404939076 137
195 0.477629803605 259
196 0.0475464159418 37
197 0.139467070819 110
198 0.282611922633 142
199 0.25837199429 239
200 0.108094558674 140
201 0.481272475874 117
202 0.374974405209 281
203 0.11671773546 46
204 0.153031829542 74
205 0.245772329223 166
206 0.0354321032032 191
207 0.281748801275 254
208 0.222286408129 184
209 0.618076038708 97
210 0.266009658298 271
211 0.307427394027 467
212 0.0919327827393 142
213 0.348551456479 95
214 0.0777849755726 148
215 0.20675986425 166
216 0.497381159948 439
217 0.57692813545 199
218 0.0 57
219 0.318784021754 82
220 0.326079485267 363
221 0.559434359677 484
222 0.220288150562 37
223 0.733775851225 98
224 0.829554567673 93
225 0.220288150562 39
226 0.0 57
227 0.608325556366 73
228 0.540950053153 432
229 0.44833473326 390
230 0.150556969602 36
231 0.250742949194 108
232 0.145938914693 606
233 0.0 57
234 0.334718639727 736
235 0.193703049701 545
236 0.186791165966 207
237 0.330824095411 599
238 0.589846476106 108
239 0.561213087559 113
240 0.709568689661 89
241 0.214224113504 294
242 0.0873377090362 312
243 0.626430593855 84
244 0.0 57
245 0.0129980459869 149
246 0.0850786486169 37
247 0.158143716828 182
248 0.411207055068 98
249 0.0 77
250 0.122851793402 111
251 0.0602221328151 122
252 0.199508830948 251
253 0.411207055068 105
254 0.356300429333 118
255 0.514579486052 131
256 0.127932485045 217
257 0.203429351282 56
258 0.0 31
259 0.419469390996 442
260 0.535581567768 473
261 0.203429351282 56
262 0.189715395826 286
263 0.0 31
264 0.602974816038 86
265 0.201993092498 51
266 0.0 56
267 0.201993092498 55
268 0.0 55
269 0.0 77
270 0.0 77
271 0.144873511547 181
272 0.378555154551 426
273 0.0 77
274 0.382700717339 283
275 0.535613888855 279
276 0.317409249575 104
277 0.318784021754 138
278 0.294783945486 91
279 0.498348585604 422
280 0.0 77
281 0.0 65
282 0.454883807588 97
283 0.134222312035 181
284 0.48097310796 69
285 0.49398852569 101
286 0.299580052534 162
287 0.0 57
288 0.36771998047 45
289 0.506014709166 87
290 0.184431916623 45
291 0.288341393894 56
292 0.184355541926 183
293 0.115215543378 140
294 0.0 77
295 0.0 65
296 0.0 41
297 0.0501448933252 88
298 0.23593980595 63
299 0.0 31
300 0.0 31
301 0.3839484312 124
302 0.0 31
303 0.283428955249 56
304 0.258162555364 298
305 0.105522928904 110
306 0.161713780663 41
307 0.474330706497 41
308 0.283428955249 58
309 0.226740161356 83
310 0.0598932930264 112
311 0.0 31
312 0.0 31
313 0.369049895678 162
314 0.253253215771 157
315 0.235015131133 197
316 0.47937888531 101
317 0.0294653201148 72
318 0.0 74
319 0.0 113
320 0.091090901655 60
321 0.150640184987 70
322 0.276274998459 72
323 0.104828247059 105
324 0.397158151559 91
325 0.655210169304 185
326 0.0 114
327 0.0746135686366 60
328 0.0 31
329 0.406987131295 42
330 0.133858195539 66
331 0.570195823055 146
332 0.0 31
333 0.522203689867 232
334 0.380732466149 74
335 0.579738671538 49
336 0.0 44
337 0.0 31
338 0.194354700844 130
339 0.142878295621 130
340 0.0 31
341 0.0 31
342 0.0 31
343 0.301918529821 63
344 0.293507375709 115
345 0.158748369186 304
346 0.533414071267 50
347 0.533414071267 53
348 0.0 31
349 0.383926933521 50
350 0.0 31
351 0.293507375709 115
352 0.0 110
353 0.243008903458 36
354 0.0 115
355 0.439338734046 72
356 0.299571845254 115
357 0.288253784039 124
358 0.0 45
359 0.220288150562 89
360 0.198485108531 69
361 0.236676146958 36
362 0.0701624610292 160
363 0.518534031497 65
364 0.518534031497 52
365 0.0 31
366 0.273170127775 36
367 0.0 31
368 0.0 31
369 0.0 31
370 0.568653700592 88
371 0.228551260403 71
372 0.359090138962 74
373 0.322925416991 176
374 0.0 31
375 0.0148083146344 115
376 0.00999638077803 99
377 0.0127786628522 99
378 0.0 31
379 0.0 31
380 0.0 31
381 0.0 31
382 0.0 31
383 0.0839596659813 52
384 0.106631517184 154
385 0.0812072650743 52
386 0.133353720069 154
387 0.12725898701 40
388 0.273733071028 284
389 0.258362379338 115
390 0.313351930124 116
391 0.258362379338 115
392 0.409220807417 493
393 0.0 71
394 0.375567987067 133
395 0.177210610839 61
396 0.0229787021659 267
397 0.142919729522 61
398 0.104019498447 98
399 0.0 61
400 0.0 41
401 0.0 25
402 0.135557144619 36
403 0.0 31
404 0.0 31
405 0.514368245133 96
406 0.191513269902 48
407 0.0 36
408 0.0 31
409 0.0 31
410 0.0 31
411 0.243008903458 36
412 0.0 31
413 0.0 31
414 0.0 57
415 0.0 47
416 0.38768972948 78
417 0.0 51
418 0.123420151647 117
419 0.028712641401 116
420 0.291219418564 101
421 0.17077611319 47
422 0.0797025118127 57
423 0.0532045933627 146
424 0.136276341439 51
425 0.535855954873 78
426 0.106749462585 321
427 0.279258172567 148
428 0.030515708195 167
429 0.214572779299 120
430 0.254823253377 209
431 0.194865930704 182
432 0.292030765658 449
433 0.0884710334708 121
434 0.23841371985 225
435 0.401766333038 220
436 0.106749462585 321
437 0.393376527721 549
438 0.0467748131728 224
439 0.242143598595 176
440 0.267426843908 41
441 0.633057328445 208
442 0.267426843908 41
443 0.267426843908 41
444 0.267426843908 41
445 0.0 26
446 0.267426843908 41
447 0.0 26
448 0.367454090332 93
449 0.267426843908 41
450 0.335981363776 165
451 0.295058719041 60
452 0.244452107057 41
453 0.175521861014 41
454 0.670510152478 221
455 0.623966868812 152
456 0.617230982231 152
457 0.696525370739 221
458 0.151565636934 115
459 0.23271557343 109
460 0.0 31
461 0.130784832819 107
462 0.0 31
463 0.21439970613 221
464 0.183619753406 109
465 0.0 31
466 0.0 31
467 0.220288150562 36
468 0.0 41
469 0.0 31
470 0.272936793599 36
471 0.0 31
472 0.134921839056 353
473 0.0 31
474 0.159830645626 281
475 0.0 41
476 0.0 206
477 0.18434276909 123
478 0.394274049777 419
479 0.397158151559 106
480 0.30321606445 24
481 0.23271557343 109
482 0.0 31
483 0.20885553296 63
484 0.410362644952 29
485 0.151565636934 115
486 0.30321606445 23
487 0.410362644952 29
488 0.115698959973 83
489 0.30321606445 24
490 0.148066618538 83
491 0.410362644952 29
492 0.410362644952 29
493 0.267915340602 40
494 0.0 31
495 0.0 31
496 0.0 31
497 0.28642061094 115
498 0.599997713078 191
499 0.599997713078 193
500 0.20280191338 141
501 0.301147621929 115
502 0.292238294541 365
503 0.298020548598 114
504 0.19087406613 123
505 0.579738671538 48
506 0.304375242562 114
507 0.318784021754 73
508 0.415500570066 370
509 0.0 114
510 0.579738671538 49
511 0.168370016557 228
512 0.425416385404 103
513 0.71244427408 76
514 0.417213242201 188
515 0.221257399681 158
516 0.560533275239 468
517 0.32397530438 158
518 0.311608145749 316
519 0.342363363945 158
520 0.0 31
521 0.260555671056 40
522 0.35349358844 638
523 0.502929265114 46
524 0.260555671056 42
525 0.268940064892 149
526 0.342363363945 158
527 0.260555671056 41
528 0.342027769785 158
529 0.502929265114 46
530 0.0 31
531 0.317161321268 188
532 0.376423880027 163
533 0.260555671056 40
534 0.502929265114 46
535 0.342363363945 157
536 0.342363363945 157
537 0.406477713614 320
538 0.260555671056 41
539 0.376423880027 163
540 0.502929265114 46
541 0.305603765539 163
542 0.376423880027 169
543 0.433181579085 117
544 0.0867557934848 48
545 0.139482796324 142
546 0.158679651103 90
547 0.146300091781 210
548 0.279423175601 185
549 0.684152952563 326
550 0.0 35
551 0.429167494449 96
552 0.241259828179 200
553 0.586441169619 269
554 0.0 31
555 0.380872608476 99
556 0.483289658405 85
557 0.23737278403 61
558 0.129283089043 142
559 0.406029396489 172
560 0.303091968901 148
561 0.0797025118127 62
562 0.316762744302 56
563 0.0185472747976 90
564 0.809489365575 43
565 0.247184813343 57
566 0.591294061471 41
567 0.0 31
568 0.0 31
569 0.440811159616 393
570 0.224978217794 113
571 0.302400437949 154
572 0.0 31
573 0.436300459874 237
574 0.625497604022 568
575 0.292462272146 255
576 0.406669823724 307
577 0.417896285757 359
578 0.402378001963 261
579 0.436300459874 237
580 0.402378001963 261
581 0.406669823724 307
582 0.625497604022 568
583 0.417896285757 359
584 0.292462272146 255
585 0.625497604022 568
586 0.417896285757 359
587 0.402378001963 261
588 0.406669823724 307
589 0.292462272146 255
590 0.436300459874 237
591 0.0 29
592 0.406669823724 307
593 0.436300459874 237
594 0.625497604022 568
595 0.417896285757 359
596 0.292462272146 255
597 0.402378001963 261
598 0.150892149931 391
599 0.405646157193 91
600 0.0 53
601 0.0 62
602 0.102699366973 80
603 0.317139505248 80
604 0.0 53
605 0.0151993336077 96
606 0.0560873337847 45
607 0.18781203336 68
608 0.107319449466 343
609 0.0532091167938 84
610 0.203743810915 117
611 0.0983602192332 84
612 0.0621994860854 229
613 0.0 53
614 0.141827175975 1043
615 0.0645515424837 391
616 0.203743810915 117
617 0.405646157193 91
618 0.0 55
619 0.0136792472686 96
620 0.11671773546 48
621 0.152120817341 45
622 0.0789268792214 68
623 0.0720576707785 146
624 0.0 62
625 0.0767915094512 788
626 0.132179453715 348
627 0.102966617304 370
628 0.235749631026 505
629 0.230115581463 420
630 0.369949360931 309
631 0.0128892616446 297
632 0.0 137
633 0.0 137
634 0.220896316229 740
635 0.0128892616446 297
636 0.387184091033 309
637 0.356300429333 202
638 0.0 186
639 0.0 172
640 0.104295686673 849
641 0.356300429333 202
642 0.104295686673 849
643 0.0 172
644 0.0 186
645 0.0638390352177 122
646 0.158402344678 72
647 0.0 111
648 0.131477664457 149
649 0.0 123
650 0.237152424923 223
651 0.237152424923 216
652 0.0 71
653 0.131477664457 143
654 0.0679071648326 409
655 0.427286426197 219
656 0.251989201543 285
657 0.168738331142 153
658 0.21954619754 480
659 0.152314155194 123
660 0.329204125991 412
661 0.428569345009 136
662 0.428569345009 138
663 0.454724172301 456
664 0.0 73
665 0.199599745669 116
666 0.333522473695 115
667 0.0540041824677 120
668 0.305603765539 130
669 0.263306769004 40
670 0.107078292555 76
671 0.199599745669 122
672 0.333522473695 115
673 0.363001089641 170
674 0.300333873552 115
675 0.236356725745 115
676 0.318410158221 115
677 0.327223435948 115
678 0.0 115
679 0.144548984872 228
680 0.312915456314 115
681 0.199599745669 118
682 0.316990745953 177
683 0.199599745669 114
684 0.315416719385 115
685 0.849576645041 67
686 0.225624555686 293
687 0.380816532977 100
688 0.32035875257 206
689 0.322438162283 167
690 0.273454876354 144
691 0.287941857667 145
692 0.267473802211 60
693 0.21672211575 339
694 0.426262771492 125
695 0.197994795825 173
696 0.322808563217 141
697 0.219597667943 134
698 0.288295281025 328
699 0.180954316746 133
700 0.446683711552 536
701 0.395137964432 105
702 0.0570065534192 125
703 0.432207456594 302
704 0.0 39
705 0.216807805096 226
706 0.168324771305 137
707 0.159739376863 63
708 0.0353587069996 63
709 0.19087406613 65
710 0.243461145908 154
711 0.23926497796 164
712 0.224797294476 160
713 0.327923299569 291
714 0.503102612415 38
715 0.0609536121477 85
716 0.291219418564 135
717 0.237903094633 58
718 0.439908392613 346
719 0.0 254
720 0.0762461164831 108
721 0.389544491962 123
722 0.0680496308783 63
723 0.0 85
724 0.0 88
725 0.32254953078 350
726 0.402869051032 363
727 0.0 68
728 0.194289236316 224
729 0.178891077551 53
730 0.178891077551 56
731 0.230711873694 115
732 0.148778929236 83
733 0.318784021754 45
734 0.0605618602192 100
735 0.0703049208646 98
736 0.0765960833888 560
737 0.0 31
738 0.163194862567 47
739 0.0 31
740 0.406669823724 307
741 0.417896285757 359
742 0.402378001963 261
743 0.625497604022 568
744 0.292462272146 255
745 0.436300459874 237
746 0.490729182373 1709
747 0.563801530945 1666
748 0.549598132643 778
749 0.0416322092826 82
750 0.529288845909 1360
751 0.537394665884 1121
752 0.595715995152 1269
753 0.15878526803 81
754 0.237875648004 81
755 0.501095490225 1523
756 0.532725270917 1293
757 0.349929862977 109
758 0.511329289584 1269
759 0.510043354314 1636
760 0.24539830476 101
761 0.476600015108 1666
762 0.0 31
763 0.0 31
764 0.110976700012 120
765 0.131046534461 72
766 0.0 25
767 0.0 206
768 0.0 125
769 0.220288150562 71
770 0.0 31
771 0.0 31
772 0.0 31
773 0.0 31
774 0.0 31
775 0.0 31
776 0.0 353
777 0.296917024444 124
778 0.160065714428 102
779 0.116640333944 42
780 0.11442817838 49
781 0.162589826476 224
782 0.336371153496 65
783 0.199124408175 194
784 0.411207055068 64
785 0.0780165800476 67
786 0.276803419008 57
787 0.0946029000587 175
788 0.149823634862 49
789 0.130399720008 56
790 0.456688282656 54
791 0.235490046759 65
792 0.224597435436 145
793 0.483059685678 58
794 0.279580019223 311
795 0.303939767116 62
796 0.0820326400735 118
797 0.557566018092 108
798 0.249511111905 72
799 0.366563222989 108
800 0.0880092225014 67
801 0.266018193485 47
802 0.161833339143 165
803 0.255924851524 216
804 0.127359529795 54
805 0.0 29
806 0.55448258449 119
807 0.303939767116 62
808 0.139476618245 40
809 0.217752066392 101
810 0.223991670488 56
811 0.413102315817 160
812 0.0 31
813 0.0234705197993 96
814 0.137153175744 66
815 0.260555671056 97
816 0.0 31
817 0.417896285757 359
818 0.436300459874 237
819 0.625497604022 568
820 0.292462272146 255
821 0.406669823724 307
822 0.402378001963 261
823 0.237903094633 136
824 0.289615669217 1113
825 0.31186249307 294
826 0.10402884081 869
827 0.410362644952 128
828 0.0866487918264 626
829 0.107950927962 164
830 0.119136892362 106
831 0.0 140
832 0.0 136
833 0.0405611605094 815
834 0.107950927962 168
835 0.130812851323 522
836 0.104321974379 870
837 0.634904042339 255
838 0.36771998047 33
839 0.380536060815 116
840 0.318849541433 51
841 0.248085382489 101
842 0.0 116
843 0.248085382489 111
844 0.18468790016 370
845 0.318849541433 54
846 0.516158776289 490
847 0.514011320244 326
848 0.191122326284 217
849 0.318784021754 39
850 0.0 95
851 0.24560896275 867
852 0.366529477546 95
853 0.275244285561 2269
854 0.0 109
855 0.204721803203 790
856 0.183061190244 121
857 0.306633091918 446
858 0.292443085881 468
859 0.233352545305 705
860 0.213230194985 217
861 0.0 217
862 0.487888798276 305
863 0.487888798276 306
864 0.295016120974 112
865 0.481390542606 305
866 0.300763652684 313
867 0.0204200627692 192
868 0.299292757784 1288
869 0.389696427819 273
870 0.214025278507 217
871 0.533414071267 43
872 0.248533203581 665
873 0.318784021754 39
874 0.217229257236 1316
875 0.298631226206 313
876 0.469544835529 227
877 0.391918497203 957
878 0.186229123438 502
879 0.481390542606 306
880 0.533414071267 40
881 0.211804132926 369
882 0.407919818675 508
883 0.303247391315 1456
884 0.284453245281 63
885 0.216416894897 63
886 0.341670218572 99
887 0.083668133379 131
888 0.0847731769967 133
889 0.153689915738 113
890 0.105395112963 45
891 0.0699725434181 37
892 0.283146850806 349
893 0.410362644952 102
894 0.0 206
895 0.0 146
896 0.282684005171 185
897 0.520859520247 344
898 0.53346566099 338
899 0.0 31
900 0.105992131351 284
901 0.539635675586 209
902 0.817445036978 146
903 0.117313792894 169
904 0.133931163394 108
905 0.227699302531 316
906 0.330486462128 122
907 0.531954624962 164
908 0.380872608476 156
909 0.0986796179799 329
910 0.111825840285 146
911 0.26259503272 216
912 0.197869988196 37
913 0.289866692115 198
914 0.534064142274 76
915 0.713639079259 122
916 0.0 31
917 0.0 31
918 0.769699254274 255
919 0.402378001963 261
920 0.637029056202 76
921 0.406669823724 307
922 0.632650026155 118
923 0.417896285757 359
924 0.028202040355 76
925 0.625497604022 568
926 0.436300459874 237
927 0.340612661877 66
928 0.292462272146 255
929 0.0 31
930 0.292462272146 255
931 0.417896285757 359
932 0.402378001963 261
933 0.436300459874 237
934 0.0 41
935 0.406669823724 307
936 0.625497604022 568
937 0.0834094114395 140
938 0.198039427843 111
939 0.670506205057 203
940 0.478664306608 290
941 0.0 31
942 0.0 31
943 0.0300991580344 126
944 0.137322253817 52
945 0.323626149225 179
946 0.128141957968 121
947 0.18066257578 71
948 0.144383555277 70
949 0.730157779041 268
950 0.195508102539 100
951 0.120682692661 154
952 0.317393840397 244
953 0.776514530475 51
954 0.115215543378 60
955 0.10145720499 73
956 0.364046240399 279
957 0.0910654692508 272
958 0.0914287240199 365
959 0.376721357855 272
960 0.407708306708 51
961 0.0759373151589 80
962 0.106585102625 98
963 0.121603314786 40
964 0.246801579945 115
965 0.203230759667 203
966 0.246801579945 115
967 0.251458037427 329
968 0.0310849536431 267
969 0.187807513811 100
970 0.221549062292 66
971 0.0964219994748 121
972 0.30872221752 323
973 0.340357543978 155
974 0.101616266961 138
975 0.0 31
976 0.0 31
977 0.287972800621 154
978 0.0292660642608 137
979 0.0 31
980 0.0 31
981 0.0 31
982 0.465096259934 630
983 0.246819367925 473
984 0.351608381603 375
985 0.0 31
986 0.279423175601 185
987 0.248841837848 200
988 0.0 31
989 0.599017773973 154
990 0.320363592912 390
991 0.513845051674 357
992 0.561763647154 93
993 0.673313828071 108
994 0.194278731608 206
995 0.318849541433 110
996 0.549988394922 105
997 0.0333981784559 273
998 0.0304301478458 189
999 0.409940385933 189
1000 0.476280413215 260
1001 0.0 29
1002 0.0 206
1003 0.0553343469727 144
1004 0.0248279410041 69
1005 0.0587036145833 101
1006 0.0850506668596 50
1007 0.0321818339823 208
1008 0.246071298515 124
1009 0.156902643153 110
1010 0.105992131351 125
1011 0.356300429333 46
1012 0.0466651713013 206
1013 0.0 31
1014 0.12252979271 66
1015 0.10031919451 63
1016 0.608238735299 59
1017 0.428569345009 83
1018 0.0 41
1019 0.0 41
1020 0.300366853306 116
1021 0.665544167724 61
1022 0.0 41
1023 0.0 41
1024 0.179599515252 82
1025 0.765276390272 60
1026 0.154824640238 157
1027 0.215493926031 442
1028 0.205862261985 461
1029 0.20021224891 458
1030 0.288633458297 463
1031 0.760850533325 354
1032 0.696479533383 220
1033 0.752062012361 170
1034 0.354967035491 355
1035 0.0 31
1036 0.0 31
1037 0.625497604022 568
1038 0.292462272146 255
1039 0.406669823724 307
1040 0.402378001963 261
1041 0.417896285757 359
1042 0.436300459874 237
1043 0.0 206
1044 0.0 29
1045 0.0 31
1046 0.144383555277 55
1047 0.0701428481946 54
1048 0.0 34
1049 0.0645144075638 56
1050 0.168368421637 66
1051 0.0 206
1052 0.0 39
1053 0.0356517864273 52
1054 0.220288150562 66
1055 0.0 31
1056 0.0630527773648 82
1057 0.0 31
1058 0.433231873559 105
1059 0.179947839775 124
1060 0.27244281591 55
1061 0.0171961116922 206
1062 0.179742159811 1291
1063 0.185906677932 535
1064 0.0639998470267 1269
1065 0.0 31
1066 0.0 31
1067 0.261662435384 83
1068 0.570125063086 157
1069 0.130838619258 117
1070 0.201759884353 200
1071 0.0 31
1072 0.225358463455 41
1073 0.00190142462515 206
1074 0.146480074564 251
1075 0.0 399
1076 0.350640461282 108
1077 0.548994151792 198
1078 0.204079628323 199
1079 0.261395753007 246
1080 0.111592012156 53
1081 0.083204289036 88
1082 0.184761267145 1748
1083 0.0 88
1084 0.138763532915 122
1085 0.0681671644588 80
1086 0.0 277
1087 0.138004024575 190
1088 0.249886086188 288
1089 0.338121188575 46
1090 0.213664991115 1244
1091 0.0757099899471 229
1092 0.299502364183 154
1093 0.247447574987 62
1094 0.100888425671 165
1095 0.203002232913 195
1096 0.164394492867 189
1097 0.29648308251 198
1098 0.0370165377462 69
1099 0.0757766750633 154
1100 0.15875460825 177
1101 0.162847077545 76
1102 0.0752875775634 117
1103 0.0 31
1104 0.0408042561665 79
1105 0.0 31
1106 0.188586654788 356
1107 0.586163622492 338
1108 0.550087409743 338
1109 0.0986796179799 49
1110 0.192817221586 486
1111 0.0547714111493 259
1112 0.282918577423 618
1113 0.179498677394 167
1114 0.0210376934374 236
1115 0.0 61
1116 0.166235130056 226
1117 0.20784322168 56
1118 0.0 140
1119 0.37154938168 345
1120 0.115760413129 56
1121 0.100658823382 171
1122 0.0 58
1123 0.346026784829 105
1124 0.155337050811 619
1125 0.12254598128 60
1126 0.100658823382 169
1127 0.0 42
1128 0.121793025975 450
1129 0.216087295494 537
1130 0.140120867989 57
1131 0.25451903148 233
1132 0.0 146
1133 0.19995569144 431
1134 0.326863478393 889
1135 0.0839596659813 95
1136 0.128608513345 190
1137 0.0 109
1138 0.206660161326 165
1139 0.168176634521 761
1140 0.0 182
1141 0.6585670739 136
1142 0.160769388005 763
1143 0.668958735404 98
1144 0.522871447372 151
1145 0.478444614042 153
1146 0.14409768007 130
1147 0.286685944701 130
1148 0.221302574575 130
1149 0.333956949439 130
1150 0.25347999594 201
1151 0.30975369709 202
1152 0.25877430086 162
1153 0.345816498349 144
1154 0.345816498349 148
1155 0.429843206937 156
1156 0.608602158758 131
1157 0.503588865936 118
1158 0.345013154555 125
1159 0.0 31
1160 0.251458037427 144
1161 0.509408091845 134
1162 0.142716953307 66
1163 0.0957454073051 74
1164 0.58653865738 175
1165 0.52667006778 175
1166 0.0638766402037 56
1167 0.0772253879656 55
1168 0.518534031497 54
1169 0.329772215288 53
1170 0.0 206
1171 0.0 39
1172 0.0356517864273 52
1173 0.168368421637 66
1174 0.0 34
1175 0.104636831475 54
1176 0.0 31
1177 0.0489512664852 40
1178 0.0268691203921 206
1179 0.461313774437 40
1180 0.0289652040137 206
1181 0.402378001963 261
1182 0.625497604022 568
1183 0.417896285757 359
1184 0.436300459874 237
1185 0.406669823724 307
1186 0.292462272146 255
1187 0.060380785326 208
1188 0.0684690804418 41
1189 0.000972749934082 206
1190 0.145765739147 35
1191 0.0 206
1192 0.0 29
1193 0.0 206
1194 0.0 29
1195 0.625497604022 568
1196 0.406669823724 307
1197 0.402378001963 261
1198 0.417896285757 359
1199 0.292462272146 255
1200 0.436300459874 237
1201 0.0 206
1202 0.0 29
1203 0.436300459874 237
1204 0.625497604022 568
1205 0.417896285757 359
1206 0.402378001963 261
1207 0.292462272146 255
1208 0.406669823724 307
1209 0.0 29
1210 0.431922952615 164
1211 0.0531016490701 127
1212 0.431922952615 165
1213 0.0531016490701 127
1214 0.0 29
1215 0.0 206
1216 0.130480828695 196
1217 0.0 29
1218 0.406669823724 307
1219 0.292462272146 255
1220 0.417896285757 359
1221 0.625497604022 568
1222 0.402378001963 261
1223 0.436300459874 237
1224 0.0 31
1225 0.0 36
1226 0.0 29
1227 0.0 29
1228 0.0533174944686 55
1229 0.232781734096 720
1230 0.0 31
1231 0.368023208756 57
1232 0.43690400874 57
1233 0.288125993292 130
1234 0.262431531314 418
1235 0.130657514135 415
1236 0.298320457437 44
1237 0.0149164784454 111
1238 0.0621117971398 77
1239 0.295779477828 43
1240 0.0668027575195 969
1241 0.0346000849828 85
1242 0.0 31
1243 0.0 98
1244 0.0800403725829 1576
1245 0.317935856011 40
1246 0.0664323652441 910
1247 0.0264306298013 724
1248 0.132130069022 111
1249 0.414843990722 40
1250 0.65376315507 43
1251 0.102368627185 56
1252 0.450697549035 43
1253 0.406800195619 40
1254 0.182242789007 51
1255 0.0492410672627 82
1256 0.353871370393 153
1257 0.0906684285088 39
1258 0.0 31
1259 0.0 68
1260 0.218079368557 130
1261 0.519387993313 57
1262 0.283331357689 66
1263 0.0 31
1264 0.0 31
1265 0.0257984248834 283
1266 0.318784021754 77
1267 0.167868852149 66
1268 0.0463951778004 28
1269 0.0463951778004 27
1270 0.0 31
1271 0.152838992345 105
1272 0.028202040355 76
1273 0.503102612415 27
1274 0.159700895394 2060
1275 0.185463953596 143
1276 0.503102612415 28
1277 0.0934521124119 1265
1278 0.0417189159164 214
1279 0.135454683005 40
1280 0.0757811987991 191
1281 0.127720150007 89
1282 0.163713869216 154
1283 0.0636357422133 252
1284 0.0 100
1285 0.0387145207179 76
1286 0.0 31
1287 0.304125741875 66
1288 0.0346000849828 85
1289 0.0605618602192 75
1290 0.0 98
1291 0.0 31
1292 0.0 31
1293 0.325155122726 85
1294 0.0 95
1295 0.178308538892 410
1296 0.262296731836 100
1297 0.50296092944 73
1298 0.241299136472 150
1299 0.248446400216 183
1300 0.0 31
1301 0.0 31
1302 0.0918391637011 66
1303 0.507443606557 194
1304 0.288578831628 165
1305 0.0 31
1306 0.0 31
1307 0.0 31
1308 0.0 31
1309 0.215244647755 183
1310 0.178308538892 410
1311 0.241299136472 150
1312 0.233096395754 115
1313 0.303389505865 100
1314 0.23078580515 100
1315 0.0 31
1316 0.0 183
1317 0.178308538892 410
1318 0.241299136472 150
1319 0.402378001963 261
1320 0.436300459874 237
1321 0.292462272146 255
1322 0.625497604022 568
1323 0.417896285757 359
1324 0.406669823724 307
1325 0.0850786486169 288
1326 0.0 25
1327 0.417896285757 359
1328 0.406669823724 307
1329 0.625497604022 568
1330 0.402378001963 261
1331 0.292462272146 255
1332 0.436300459874 237
1333 0.0 31
1334 0.0 29
1335 0.0 206
1336 0.0158457362772 76
1337 0.304125741875 66
1338 0.728563165654 122
1339 0.756433185647 311
1340 0.632650026155 118
1341 0.534064142274 76
1342 0.292462272146 255
1343 0.637029056202 76
1344 0.436300459874 237
1345 0.625497604022 568
1346 0.406669823724 307
1347 0.402378001963 261
1348 0.417896285757 359
1349 0.0 31
1350 0.304125741875 66
1351 0.0630527773648 82
1352 0.0 29
1353 0.417896285757 359
1354 0.625497604022 568
1355 0.406669823724 307
1356 0.292462272146 255
1357 0.436300459874 237
1358 0.304125741875 66
1359 0.402378001963 263
1360 0.503102612415 27
1361 0.0463951778004 28
1362 0.0 31
1363 0.0387145207179 76
1364 0.503102612415 28
1365 0.292462272146 255
1366 0.318784021754 77
1367 0.436300459874 237
1368 0.417896285757 359
1369 0.625497604022 568
1370 0.402378001963 261
1371 0.0463951778004 27
1372 0.406669823724 307
1373 0.0 29
1374 0.0 206
1375 0.0 29
1376 0.288125993292 130
1377 0.224185642503 768
1378 0.375123785905 66
1379 0.042217097202 82
1380 0.0 31
1381 0.277768652765 418
1382 0.0505506304327 55
1383 0.43690400874 57
1384 0.241213606675 57
1385 0.0 31
1386 0.0 31
1387 0.198767985239 40
1388 0.272936793599 36
1389 0.0 31
1390 0.353954139757 66
1391 0.0 31
1392 0.43690400874 57
1393 0.359705480765 176
1394 0.368023208756 57
1395 0.0511712590407 82
1396 0.0 31
1397 0.0 29
1398 0.634414761755 125
1399 0.0 206
1400 0.30733886806 120
1401 0.0 31
1402 0.0 31
1403 0.0 31
1404 0.0 31
1405 0.0 31
1406 0.0 31
1407 0.688381946729 123
1408 0.114719940933 423
1409 0.673990249648 127
1410 0.433385937698 127
1411 0.625042405303 124
1412 0.449436416524 103
1413 0.540516734114 67
1414 0.596430022654 122
1415 0.350968958215 87
1416 0.158766723981 124
1417 0.308520330468 537
1418 0.380592478405 146
1419 0.379978361591 132
1420 0.540516734114 68
1421 0.34689113214 153
1422 0.0289880484616 248
1423 0.731646254797 456
1424 0.321357653835 268
1425 0.215126984104 281
1426 0.611701266104 221
1427 0.489219567933 207
1428 0.611701266104 221
1429 0.228632946079 195
1430 0.0460436064743 165
1431 0.48978234447 337
1432 0.444938971738 180
1433 0.444938971738 180
1434 0.458130178463 173
1435 0.467945269358 173
1436 0.454077034954 180
1437 0.601726594024 180
1438 0.367066226759 180
1439 0.377618222365 438
1440 0.462681082456 336
1441 0.482660118817 338
1442 0.605507345026 411
1443 0.575463809123 337
1444 0.48978234447 337
1445 0.468588463859 403
1446 0.415105987555 180
1447 0.504432820425 332
1448 0.14998869924 180
1449 0.425416385404 180
1450 0.48978234447 336
1451 0.45011609129 403
1452 0.536644498035 352
1453 0.255635854078 55
1454 0.713599365648 194
1455 0.0928323637034 210
1456 0.177068961112 97
1457 0.120319629398 246
1458 0.321987945303 245
1459 0.515710827085 342
1460 0.455201845765 51
1461 0.275161643219 323
1462 0.577519645025 189
1463 0.405661943185 272
1464 0.276265603556 144
1465 0.422233147316 104
1466 0.464136656944 104
1467 0.891656696843 97
1468 0.537559957006 285
1469 0.376035089288 271
1470 0.0 206
1471 0.225861632914 129
1472 0.508799778819 258
1473 0.580596895313 75
1474 0.223310937138 101
1475 0.0 29
1476 0.215242525663 242
1477 0.469498219125 147
1478 0.0149995511677 55
1479 0.160557399495 81
1480 0.0 31
1481 0.0 31
1482 0.308371384022 145
1483 0.111298598863 149
1484 0.290515156996 385
1485 0.312634150051 458
1486 0.0793707443425 472
1487 0.345972436206 575
1488 0.0 34
1489 0.0356517864273 52
1490 0.142466791443 558
1491 0.0474037495969 56
1492 0.0756967770831 55
1493 0.0136775830408 37
1494 0.168368421637 66
1495 0.0 206
1496 0.3747618988 53
1497 0.157064835311 54
1498 0.568480538261 54
1499 0.417896285757 359
1500 0.292462272146 255
1501 0.625497604022 568
1502 0.436300459874 237
1503 0.402378001963 261
1504 0.406669823724 307
1505 0.292462272146 255
1506 0.625497604022 568
1507 0.436300459874 237
1508 0.406669823724 307
1509 0.417896285757 359
1510 0.402378001963 261
1511 0.140479872253 218
1512 0.128987829985 210
1513 0.0 32
1514 0.383544230554 307
1515 0.394132291165 359
1516 0.559981916146 568
1517 0.374807770059 261
1518 0.26470793277 255
1519 0.398614717598 237
1520 0.0 29
1521 0.292462272146 255
1522 0.436300459874 237
1523 0.625497604022 568
1524 0.402378001963 261
1525 0.406669823724 307
1526 0.417896285757 359
1527 0.394132291165 359
1528 0.559981916146 568
1529 0.398614717598 237
1530 0.26470793277 255
1531 0.383544230554 307
1532 0.374807770059 261
1533 0.0 29
1534 0.0 29
1535 0.0 29
1536 0.11904992496 81
1537 0.329010311265 88
1538 0.0 31
1539 0.0515626999438 75
1540 0.0397168844824 75
1541 0.43479553425 250
1542 0.0574580061929 197
1543 0.479094734619 335
1544 0.0787446034559 75
1545 0.149652919161 87
1546 0.0397168844824 75
1547 0.0699725434181 75
1548 0.389248437063 55
1549 0.394046785629 55
1550 0.203917009919 61
1551 0.406484983878 65
1552 0.306813114296 112
1553 0.179988918812 59
1554 0.0812072650743 79
1555 0.271754049101 78
1556 0.371381707931 95
1557 0.327933532842 114
1558 0.331056245914 91
1559 0.030976569122 75
1560 0.0922878670541 79
1561 0.070650712084 116
1562 0.0567751264304 59
1563 0.136276341439 75
1564 0.411065370983 62
1565 0.474086124697 250
1566 0.368169022693 106
1567 0.0825490708531 79
1568 0.0706163279953 79
1569 0.0 31
1570 0.159764209241 75
1571 0.151570561357 125
1572 0.16279449512 76
1573 0.0457927575995 88
1574 0.0825490708531 75
1575 0.394923384735 250
1576 0.106555614284 75
1577 0.563133752487 241
1578 0.159764209241 75
1579 0.25800170385 88
1580 0.0825490708531 75
1581 0.136276341439 75
1582 0.0318369402248 116
1583 0.0319813389937 79
1584 0.339762122732 106
1585 0.0323386336249 79
1586 0.318820717542 95
1587 0.17077611319 62
1588 0.0279673211198 79
1589 0.279701276825 112
1590 0.175830208683 91
1591 0.0334869366844 75
1592 0.0567751264304 59
1593 0.43479553425 250
1594 0.0845798608015 78
1595 0.0357066052529 79
1596 0.179988918812 59
1597 0.321319213382 396
1598 0.0881109565516 223
1599 0.376826158735 180
1600 0.0 29
1601 0.214065604253 291
1602 0.415485712594 123
1603 0.361878054769 254
1604 0.122891508155 519
1605 0.3272399257 322
1606 0.0 206
1607 0.312821706779 229
1608 0.429681442148 150
1609 0.344242343029 250
1610 0.582968318252 197
1611 0.400014386943 133
1612 0.0 31
1613 0.230089058218 353
1614 0.277476086362 319
1615 0.308048316682 313
1616 0.276132396008 181
1617 0.428238507685 126
1618 0.0 31
1619 0.365379579852 150
1620 0.382342571606 392
1621 0.0278251687414 139
1622 0.21951015445 181
1623 0.279669834338 179
1624 0.056184388529 109
1625 0.334512058684 392
1626 0.163735488134 435
1627 0.558536302036 155
1628 0.467645093116 348
1629 0.344242343029 250
1630 0.149367105391 438
1631 0.277476086362 319
1632 0.342947741589 282
1633 0.200833046722 356
1634 0.0587036145833 101
1635 0.0885688115302 51
1636 0.0247055446807 69
1637 0.0321818339823 208
1638 0.0 31
1639 0.0682143586388 241
1640 0.220117128586 121
1641 0.220117128586 123
1642 0.063224031485 240
1643 0.175920542375 270
1644 0.393447270868 204
1645 0.0535450448887 241
1646 0.0189053843583 70
1647 0.417896285757 359
1648 0.625497604022 568
1649 0.292462272146 255
1650 0.436300459874 237
1651 0.526035557762 360
1652 0.402378001963 261
1653 0.446149462771 201
1654 0.406669823724 307
1655 0.377313709945 222
1656 0.160257340233 196
1657 0.0680615028307 182
1658 0.337546809264 228
1659 0.165779186041 224
1660 0.31701402472 226
1661 0.0 31
1662 0.275207140227 192
1663 0.0873409187193 230
1664 0.00889800909463 243
1665 0.115898666409 156
1666 0.258093427307 913
1667 0.199015398725 256
1668 0.377313709945 234
1669 0.246685490499 318
1670 0.172783748397 315
1671 0.0555007122849 144
1672 0.397956105654 264
1673 0.406101059042 204
1674 0.447818790901 393
1675 0.192004123041 515
1676 0.459324828228 397
1677 0.168368421637 67
1678 0.0356517864273 52
1679 0.211288850219 519
1680 0.0 34
1681 0.21417933869 82
1682 0.0468913307554 56
1683 0.459678719052 73
1684 0.0152096430088 37
1685 0.0749657429365 55
1686 0.0 206
1687 0.109642586835 54
1688 0.502328778226 67
1689 0.201993092498 114
1690 0.538216196226 341
1691 0.269506418411 313
1692 0.443332156929 329
1693 0.387044839877 251
1694 0.150640184987 58
1695 0.0410314442545 296
1696 0.0228037080301 79
1697 0.135509470423 230
1698 0.197113439887 139
1699 0.201993092498 114
1700 0.0501502377943 79
1701 0.492841139863 95
1702 0.0 58
1703 0.436196096147 75
1704 0.0915903315934 103
1705 0.0587599810123 302
1706 0.447104715565 68
1707 0.449851703924 67
1708 0.212889950749 53
1709 0.310399370615 166
1710 0.318784021754 66
1711 0.569834453707 45
1712 0.356300429333 57
1713 0.616199002464 35
1714 0.422894252587 77
1715 0.407023705616 84
1716 0.0759638498306 45
1717 0.0 43
1718 0.1786811771 102
1719 0.084627019634 48
1720 0.135651207171 46
1721 0.148848247046 131
1722 0.111323209617 111
1723 0.126810545859 119
1724 0.0245126865379 204
1725 0.059170618908 155
1726 0.242767341897 46
1727 0.237800644913 126
1728 0.107374540775 50
1729 0.104151845092 37
1730 0.173884940108 47
1731 0.0757749784222 49
1732 0.0931538243548 322
1733 0.285872767628 137
1734 0.0 31
1735 0.055545439199 149
1736 0.034497437618 284
1737 0.156116138011 189
1738 0.153842633393 43
1739 0.0884890118499 111
1740 0.107599414689 102
1741 0.0802115232391 165
1742 0.0330306632968 60
1743 0.0245126865379 201
1744 0.124976793617 359
1745 0.195622438902 168
1746 0.0926558292038 125
1747 0.244721915696 120
1748 0.0473368259818 447
1749 0.365909106679 273
1750 0.107374540775 49
1751 0.0487367117321 46
1752 0.252794787818 128
1753 0.231109971806 40
1754 0.17953750428 43
1755 0.0408340364642 35
1756 0.0129577897631 111
1757 0.185463953596 143
1758 0.00554764037773 47
1759 0.141465921441 56
1760 0.0 43
1761 0.0896249741302 164
1762 0.151766325635 140
1763 0.109032142511 46
1764 0.120197099144 46
1765 0.0339904110984 119
1766 0.116605006984 56
1767 0.164070298812 50
1768 0.0442383810765 157
1769 0.389606971756 47
1770 0.0963951295946 70
1771 0.0917486855552 69
1772 0.314772452197 133
1773 0.0255860854588 103
1774 0.220694878054 40
1775 0.0450472257059 35
1776 0.0878415308209 38
1777 0.190513490662 162
1778 0.0534204507807 130
1779 0.153400674988 154
1780 0.0 29
1781 0.621689173171 490
1782 0.502800752065 326
1783 0.0578967014292 35
1784 0.0 31
1785 0.128280549144 38
1786 0.216733829826 254
1787 0.199970016189 144
1788 0.445851624531 131
1789 0.51759386158 56
1790 0.084112069977 144
1791 0.669190574424 58
1792 0.0560873337847 55
1793 0.129927470572 252
1794 0.328965644054 48
1795 0.193592666761 49
1796 0.279839789837 136
1797 0.0 31
1798 0.0 31
1799 0.0 31
1800 0.190746726934 118
1801 0.0 31
1802 0.115606311786 117
1803 0.175265817338 101
1804 0.0207642213126 116
1805 0.0 31
1806 0.0737808762228 36
1807 0.406669823724 307
1808 0.417896285757 359
1809 0.402378001963 261
1810 0.625497604022 568
1811 0.436300459874 237
1812 0.0 31
1813 0.379930838141 303
1814 0.262514970733 258
1815 0.27000064404 264
1816 0.344679457698 298
1817 0.0961456454935 105
1818 0.0 206
1819 0.0131663582934 29
1820 0.0 31
1821 0.0 31
1822 0.251045353338 165
1823 0.260349310033 350
1824 0.335766988884 358
1825 0.348993907955 54
1826 0.158766723981 66
1827 0.126737913167 56
1828 0.0 39
1829 0.0 206
1830 0.0356517864273 52
1831 0.0 34
1832 0.178891077551 55
1833 0.358688745817 321
1834 0.41579029316 601
1835 0.323623893607 736
1836 0.348438976738 318
1837 0.48260106577 339
1838 0.382479483771 461
1839 0.489880648039 347
1840 0.48298356801 406
1841 0.365426932971 370
1842 0.381895732157 216
1843 0.418428734043 400
1844 0.424873000205 447
1845 0.588347171529 585
1846 0.488402578901 349
1847 0.324960927081 315
1848 0.484312651697 404
1849 0.285971792016 176
1850 0.0694520688407 103
1851 0.0 132
1852 0.285971792016 178
1853 0.627289106562 204
1854 0.0615611143202 216
1855 0.225554872207 141
1856 0.627289106562 208
1857 0.470859685744 713
1858 0.535980542151 110
1859 0.109642586835 124
1860 0.11671773546 127
1861 0.290968812616 96
1862 0.501334799075 172
1863 0.376416594924 200
1864 0.424399704407 103
1865 0.361424751409 193
1866 0.470764010922 178
1867 0.107452173796 226
1868 0.387557255367 103
1869 0.634808797178 163
1870 0.192408118785 137
1871 0.402261992256 131
1872 0.116741955052 139
1873 0.345693834649 173
1874 0.496476067155 205
1875 0.124332235279 194
1876 0.6358239717 746
1877 0.655971730165 97
1878 0.0978692639275 224
1879 0.192408118785 128
1880 0.406622640237 211
1881 0.0685812629577 123
1882 0.27782944957 209
1883 0.449437433007 174
1884 0.0716150106424 129
1885 0.568925465932 168
1886 0.124314298535 127
1887 0.43398166817 287
1888 0.465425265297 202
1889 0.415198301026 122
1890 0.177159298983 209
1891 0.410362644952 110
1892 0.215525369486 267
1893 0.0 109
1894 0.464483437653 140
1895 0.328775473723 493
1896 0.464483437653 142
1897 0.646674992881 774
1898 0.306040051681 117
1899 0.306040051681 113
1900 0.432500431009 93
1901 0.491147045075 50
1902 0.554174038316 1530
1903 0.731559591564 107
1904 0.731559591564 107
1905 0.277177338766 89
1906 0.369459768447 97
1907 0.223833985911 71
1908 0.0596469616106 96
1909 0.180578495402 91
1910 0.6111792024 95
1911 0.180578495402 90
1912 0.420295146289 778
1913 0.192408118785 138
1914 0.183464344488 148
1915 0.162179940829 304
1916 0.33286515954 224
1917 0.536017944009 139
1918 0.0 196
1919 0.356369218086 304
1920 0.206083635014 252
1921 0.149600916074 242
1922 0.403470577019 215
1923 0.184355541926 159
1924 0.329603360036 219
1925 0.248085382489 87
1926 0.656254376147 716
1927 0.411206889794 299
1928 0.407352604289 90
1929 0.239347726919 301
1930 0.584991897358 1709
1931 0.248407084517 385
1932 0.205511956133 212
1933 0.176242345649 239
1934 0.603823441135 300
1935 0.0739953206009 71
1936 0.428895264239 250
1937 0.315437671755 327
1938 0.438384331435 142
1939 0.153886912241 295
1940 0.0 149
1941 0.427325336793 147
1942 0.503783447242 92
1943 0.17702832333 196
1944 0.514775499709 437
1945 0.277701849222 138
1946 0.277701849222 138
1947 0.688366640138 159
1948 0.837601204829 288
1949 0.275043539436 203
1950 0.790152833579 254
1951 0.637708084588 99
1952 0.17702832333 196
1953 0.233999120493 145
1954 0.0 70
1955 0.159985879892 42
1956 0.377913218433 156
1957 0.0412998687308 151
1958 0.318784021754 103
1959 0.464842444274 137
1960 0.12996811566 278
1961 0.128386680539 413
1962 0.617357762859 872
1963 0.745829952277 182
1964 0.202172883716 81
1965 0.181218636616 280
1966 0.736969418669 130
1967 0.0155849781343 35
1968 0.181183324242 267
1969 0.609900535547 191
1970 0.576774833152 505
1971 0.796712923426 263
1972 0.153097524215 125
1973 0.256562666705 105
1974 0.692180783425 168
1975 0.685318623663 199
1976 0.374554285835 395
1977 0.15370313042 212
1978 0.0435806558647 58
1979 0.201628443298 261
1980 0.613348218286 196
1981 0.36485577343 89
1982 0.709293873764 110
1983 0.292860099637 203
1984 0.252336560252 204
1985 0.641797054138 89
1986 0.252336560252 199
1987 0.490534852209 116
1988 0.252336560252 204
1989 0.687229192855 191
1990 0.53724507516 69
1991 0.568666352154 133
1992 0.783408305876 186
1993 0.188284938043 48
1994 0.0431427581307 58
1995 0.712651176686 196
1996 0.300676558121 95
1997 0.503417974441 713
1998 0.788705555139 267
1999 0.455794878816 123
2000 0.535980542151 104
2001 0.300676558121 94
2002 0.22177325022 124
2003 0.692180783425 164
2004 0.807863631877 182
2005 0.64005097429 161
2006 0.31867418263 92
2007 0.178002441483 134
2008 0.603420082732 120
2009 0.268742099468 168
2010 0.318784021754 105
2011 0.162899754309 375
2012 0.545145390192 186
2013 0.402393679666 78
2014 0.616394098655 1244
2015 0.529861392393 193
2016 0.410362644952 96
2017 0.218326785793 163
2018 0.378264252694 258
2019 0.273047079386 77
2020 0.402393679666 78
2021 0.160173370908 290
2022 0.346079731168 229
2023 0.411798493305 328
2024 0.141430567926 118
2025 0.538418308264 1703
2026 0.174967478927 134
2027 0.394594685949 167
2028 0.236069570658 301
2029 0.183464344488 148
2030 0.220201387154 63
2031 0.0 38
2032 0.0 53
2033 0.201993092498 41
2034 0.303145000983 220
2035 0.415489121638 177
2036 0.152845061943 116
2037 0.213422424775 244
2038 0.292486011035 279
2039 0.0 99
2040 0.557258616745 126
2041 0.319635645752 259
2042 0.44279066477 149
2043 0.492857213288 117
2044 0.34203233165 59
2045 0.439689153989 197
2046 0.199763814138 88
2047 0.35601789237 188
2048 0.213327727608 143
2049 0.114809747642 76
2050 0.177952220254 88
2051 0.591974326397 183
2052 0.20296237713 217
2053 0.115437918546 88
2054 0.278912330316 60
2055 0.579738671538 83
2056 0.252771111201 83
2057 0.44279066477 120
2058 0.260555671056 41
2059 0.461209422678 98
2060 0.53139112583 180
2061 0.630989844066 236
2062 0.237739238575 75
2063 0.298613669211 135
2064 0.0 38
2065 0.236873750568 607
2066 0.655210169304 122
2067 0.237739238575 74
2068 0.420449020567 104
2069 0.332443475507 176
2070 0.318784021754 105
2071 0.182947879958 393
2072 0.322604508654 145
2073 0.30085114145 285
2074 0.0 38
2075 0.261717599184 88
2076 0.164995194184 121
2077 0.224365452507 285
2078 0.14882520498 166
2079 0.232331492251 70
2080 0.0 149
2081 0.185441306132 206
2082 0.351104549029 140
2083 0.311444381411 196
2084 0.102126500945 67
2085 0.558368836624 1650
2086 0.201650221798 250
2087 0.107806970893 59
2088 0.0385568324905 71
2089 0.335750593943 91
2090 0.0 38
2091 0.133400942386 304
2092 0.173734153444 301
2093 0.253494319562 212
2094 0.195397679491 176
2095 0.281692657557 203
2096 0.803975644082 186
2097 0.203754485474 93
2098 0.207495991968 133
2099 0.0 67
2100 0.603500578576 201
2101 0.576136941253 104
2102 0.851194702831 264
2103 0.552809725663 123
2104 0.329169964831 120
2105 0.668962530496 94
2106 0.207495991968 130
2107 0.207495991968 133
2108 0.641797054138 89
2109 0.685318623663 199
2110 0.712651176686 196
2111 0.205218821238 261
2112 0.535980542151 104
2113 0.152079143936 129
2114 0.241317953149 138
2115 0.807863631877 182
2116 0.290968812616 96
2117 0.807863631877 186
2118 0.490534852209 116
2119 0.662210375001 546
2120 0.211757208437 203
2121 0.278285091473 119
2122 0.48097310796 69
2123 0.701759969037 169
2124 0.477174251628 50
2125 0.741628779521 122
2126 0.463190265456 77
2127 0.220288150562 59
2128 0.208179640534 171
2129 0.463001022943 49
2130 0.734365128093 103
2131 0.30321606445 66
2132 0.411207055068 35
2133 0.233816717167 146
2134 0.22094966448 168
2135 0.0 46
2136 0.0942717136498 36
2137 0.194314340169 59
2138 0.335750593943 91
2139 0.207523598977 250
2140 0.0739953206009 71
2141 0.351104549029 140
2142 0.267056276912 212
2143 0.299598485663 327
2144 0.149010967517 303
2145 0.61108115465 1784
2146 0.173891775029 301
2147 0.201471087855 295
2148 0.0 149
2149 0.612916488309 285
2150 0.479977584284 127
2151 0.238429933608 385
2152 0.156138196201 409
2153 0.128691086385 278
2154 0.17589721727 296
2155 0.364509836046 142
2156 0.335750593943 95
2157 0.20455682374 316
2158 0.261717599184 88
2159 0.680874575979 1006
2160 0.351104549029 144
2161 0.736969418669 130
2162 0.466211620305 95
2163 0.380187603056 54
2164 0.31882760575 81
2165 0.617315283995 58
2166 0.563971117825 57
2167 0.0 71
2168 0.262280890851 77
2169 0.615937709129 65
2170 0.465420751321 59
2171 0.468412877674 65
2172 0.0292309470154 83
2173 0.111476507641 65
2174 0.246452705104 65
2175 0.0989379521247 77
2176 0.239290820016 198
2177 0.00105327070496 105
2178 0.227945786304 65
2179 0.527581566085 65
2180 0.0 69
2181 0.493840117256 65
2182 0.0116999043991 86
2183 0.00223570018495 70
2184 0.227905726515 90
2185 0.577199048542 58
2186 0.297656861401 100
2187 0.482075514275 54
2188 0.0465210870378 88
2189 0.0 36
2190 0.542826810539 68
2191 0.213101892528 65
2192 0.61899963469 67
2193 0.0 61
2194 0.231474200779 65
2195 0.387823448738 107
2196 0.0521732462668 70
2197 0.511743766828 67
2198 0.0392820592348 214
2199 0.295284760836 102
2200 0.252279716102 113
2201 0.328037548889 88
2202 0.30085114145 285
2203 0.30085114145 285
2204 0.164995194184 121
2205 0.519387993313 145
2206 0.237954893005 285
2207 0.635328819567 145
2208 0.164995194184 121
2209 0.0 38
2210 0.237954893005 285
2211 0.254356166096 291
2212 0.00492858037639 62
2213 0.254356166096 291
2214 0.348614272658 187
2215 0.159764209241 141
2216 0.254356166096 285
2217 0.439274990316 145
2218 0.254356166096 289
2219 0.274695297495 285
2220 0.0 38
2221 0.254356166096 293
2222 0.250302046247 136
2223 0.040928903968 154
2224 0.0 70
2225 0.433181579085 91
2226 0.394725891359 74
2227 0.568480538261 49
2228 0.125495735978 53
2229 0.40101703985 181
2230 0.146176699827 140
2231 0.237903094633 57
2232 0.54332783186 61
2233 0.240128371096 63
2234 0.538100322105 178
2235 0.46210624168 56
2236 0.0427243193594 106
2237 0.317348083198 86
2238 0.360658944897 116
2239 0.144383555277 49
2240 0.0750828724947 78
2241 0.595382785942 55
2242 0.524687598499 50
2243 0.407326751382 176
2244 0.0503428506567 206
2245 0.0 65
2246 0.361130568421 48
2247 0.351135466329 49
2248 0.0 73
2249 0.367493050489 85
2250 0.0607288842025 87
2251 0.367493050489 85
2252 0.205211740508 83
2253 0.046406190306 85
2254 0.492573892772 56
2255 0.188828790424 82
2256 0.173864017725 81
2257 0.458938861331 57
2258 0.202665028948 79
2259 0.0 59
2260 0.529662279602 55
2261 0.529662279602 52
2262 0.529662279602 53
2263 0.141682153596 108
2264 0.173864017725 78
2265 0.285179284608 119
2266 0.232349985846 71
2267 0.241734465887 160
2268 0.524687598499 53
2269 0.350901521796 101
2270 0.524687598499 55
2271 0.102148419082 357
2272 0.350901521796 99
2273 0.0 66
2274 0.524687598499 52
2275 0.449433347575 50
2276 0.225400900504 62
2277 0.236364899562 64
2278 0.278540243321 71
2279 0.0 69
2280 0.0793631068105 141
2281 0.0 59
2282 0.473841920852 55
2283 0.232067733021 192
2284 0.278540243321 70
2285 0.278540243321 69
2286 0.0570065534192 92
2287 0.262372029085 58
2288 0.237300899424 63
2289 0.23936944774 107
2290 0.241213606675 57
2291 0.277280735105 57
2292 0.144371969359 259
2293 0.133501249859 122
2294 0.233816717167 156
2295 0.741628779521 130
2296 0.477174251628 54
2297 0.463001022943 53
2298 0.734365128093 109
2299 0.463190265456 83
2300 0.22094966448 182
2301 0.411207055068 39
2302 0.30321606445 70
2303 0.220288150562 63
2304 0.208179640534 189
2305 0.0764278605457 78
2306 0.403470577019 223
2307 0.356369218086 314
2308 0.411206889794 317
2309 0.292099232115 165
2310 0.544707585158 679
2311 0.650576060525 153
2312 0.241317953149 144
2313 0.536017944009 145
2314 0.290968812616 100
2315 0.248085382489 91
2316 0.162179940829 312
2317 0.152079143936 135
2318 0.183464344488 154
2319 0.535980542151 108
2320 0.487489636842 483
2321 0.636507986639 515
2322 0.48097310796 73
2323 0.192408118785 144
2324 0.490534852209 122
2325 0.0 202
2326 0.807863631877 194
2327 0.33286515954 232
2328 0.685318623663 207
2329 0.206083635014 262
2330 0.712651176686 204
2331 0.326235153165 189
2332 0.145834377528 278
2333 0.329603360036 227
2334 0.183975943373 534
2335 0.125879532668 684
2336 0.0 45
2337 0.0636012057567 84
2338 0.807863631877 190
2339 0.641797054138 95
2340 0.205218821238 269
2341 0.367794771183 58
2342 0.241317953149 144
2343 0.344666242769 205
2344 0.543508284094 223
2345 0.396498010986 222
2346 0.0 50
2347 0.458313966446 418
2348 0.194314340169 63
2349 0.0942717136498 40
2350 0.462767152368 467
2351 0.522154000209 353
2352 0.561203678766 607
2353 0.46153374 430
2354 0.391866268393 481
2355 0.536651075782 361
2356 0.526228966834 363
2357 0.526068005703 420
2358 0.515916024271 422
2359 0.326306694528 329
2360 0.342319227059 386
2361 0.737662768265 113
2362 0.42434739899 407
2363 0.223680934231 150
2364 0.357264339482 332
2365 0.559988295904 1445
2366 0.330623807146 245
2367 0.446732309227 444
2368 0.480745903162 313
2369 0.250456953129 321
2370 0.0535192688503 100
2371 0.357576871658 226
2372 0.737662768265 113
2373 0.306040051681 123
2374 0.612157109632 127
2375 0.223680934231 148
2376 0.404064066976 120
2377 0.410362644952 116
2378 0.713934048095 93
2379 0.328775473723 511
2380 0.494818516936 121
2381 0.215525369486 279
2382 0.432500431009 97
2383 0.464483437653 146
2384 0.464483437653 148
2385 0.369459768447 101
2386 0.0 115
2387 0.404992077089 115
2388 0.494818516936 127
2389 0.6111792024 101
2390 0.306040051681 119
2391 0.473854833563 124
2392 0.678514388485 120
2393 0.705163712226 795
2394 0.252334201434 74
2395 0.372466298448 315
2396 0.324420141746 743
2397 0.419826716292 599
2398 0.470764010922 188
2399 0.124314298535 133
2400 0.402261992256 137
2401 0.496476067155 213
2402 0.0716150106424 135
2403 0.361424751409 203
2404 0.415198301026 128
2405 0.376416594924 210
2406 0.177159298983 219
2407 0.501334799075 182
2408 0.634808797178 169
2409 0.345693834649 179
2410 0.424399704407 109
2411 0.6358239717 770
2412 0.192408118785 143
2413 0.124332235279 206
2414 0.107452173796 236
2415 0.568925465932 176
2416 0.27782944957 219
2417 0.465425265297 212
2418 0.443958384681 299
2419 0.387557255367 109
2420 0.0978692639275 234
2421 0.192408118785 134
2422 0.406622640237 221
2423 0.116741955052 145
2424 0.449437433007 182
2425 0.655971730165 103
2426 0.0685812629577 129
2427 0.109642586835 142
2428 0.633592458349 94
2429 0.527179987041 740
2430 0.15646009831 319
2431 0.633592458349 92
2432 0.535980542151 116
2433 0.275532270059 275
2434 0.109642586835 130
2435 0.225554872207 147
2436 0.280306864047 277
2437 0.169710871025 297
2438 0.629438272129 180
2439 0.11671773546 133
2440 0.123025610527 31
2441 0.851194702831 274
2442 0.292439163305 211
2443 0.0900928288561 139
2444 0.309442403109 108
2445 0.552809725663 129
2446 0.153317351125 136
2447 0.329169964831 126
2448 0.42716252721 98
2449 0.803975644082 196
2450 0.0900928288561 139
2451 0.153317351125 136
2452 0.465474756974 200
2453 0.490534852209 122
2454 0.390105265183 114
2455 0.22331017482 236
2456 0.22177325022 131
2457 0.466491143701 100
2458 0.535980542151 108
2459 0.466491143701 100
2460 0.603420082732 126
2461 0.390105265183 114
2462 0.783408305876 194
2463 0.807863631877 190
2464 0.290968812616 100
2465 0.53724507516 70
2466 0.220034883591 264
2467 0.574464819623 101
2468 0.2783809209 109
2469 0.288003675634 172
2470 0.44531324319 207
2471 0.527072475829 82
2472 0.5744490456 148
2473 0.132504531 143
2474 0.763775285107 101
2475 0.527072475829 82
2476 0.201867713107 171
2477 0.589265598219 246
2478 0.384224878179 122
2479 0.493310675567 2000
2480 0.135456430749 118
2481 0.137322253817 148
2482 0.437650062586 112
2483 0.394918944842 126
2484 0.5744490456 150
2485 0.582455298103 164
2486 0.0 79
2487 0.0 43
2488 0.30321606445 70
2489 0.411207055068 39
2490 0.302811654713 164
2491 0.144383555277 67
2492 0.359781091794 515
2493 0.155698517399 48
2494 0.255320817835 87
2495 0.803110359392 93
2496 0.450100874751 52
2497 0.207095238151 421
2498 0.16279449512 91
2499 0.436510062619 68
2500 0.556198806858 180
2501 0.0898284499478 500
2502 0.62541922362 187
2503 0.0756967770831 89
2504 0.298682418168 49
2505 0.161782514048 68
2506 0.30321606445 198
2507 0.186287819804 148
2508 0.580183770839 206
2509 0.0656721282748 76
2510 0.537310840793 139
2511 0.803110359392 95
2512 0.153188244279 264
2513 0.394015402643 702
2514 0.580183770839 206
2515 0.556198806858 183
2516 0.346509755731 221
2517 0.533581464369 57
2518 0.53724507516 73
2519 0.230538487988 195
2520 0.37496082454 171
2521 0.593952135411 196
2522 0.673230282349 139
2523 0.386084688572 209
2524 0.17702832333 202
2525 0.0643396114511 328
2526 0.556940407334 444
2527 0.190271122742 166
2528 0.790152833579 266
2529 0.277701849222 146
2530 0.27235315897 148
2531 0.28750268552 165
2532 0.712930419411 158
2533 0.457865449679 161
2534 0.503783447242 96
2535 0.454993227035 249
2536 0.388310063591 188
2537 0.387723492687 208
2538 0.0300036524982 36
2539 0.192408118785 135
2540 0.67311473226 210
2541 0.24987709377 254
2542 0.457865449679 161
2543 0.637708084588 103
2544 0.277701849222 146
2545 0.39922334936 438
2546 0.837601204829 302
2547 0.230163222349 195
2548 0.17702832333 202
2549 0.690727823359 166
2550 0.080585930785 123
2551 0.504159540913 163
2552 0.504159540913 164
2553 0.0716150106424 135
2554 0.505800788839 163
2555 0.601608550554 241
2556 0.41022093834 226
2557 0.0642453363838 148
2558 0.192408118785 139
2559 0.283873613786 209
2560 0.378946645876 228
2561 0.388310063591 187
2562 0.350646955571 105
2563 0.0907460828658 137
2564 0.673230282349 143
2565 0.0650978321607 151
2566 0.369090452053 145
2567 0.690706572048 173
2568 0.049486186597 62
2569 0.050841759642 62
2570 0.568666352154 139
2571 0.198517075506 139
2572 0.590925916713 204
2573 0.796712923426 273
2574 0.587849423009 172
2575 0.252336560252 212
2576 0.455794878816 129
2577 0.162073014472 174
2578 0.0 88
2579 0.0759502435255 84
2580 0.587849423009 176
2581 0.300676558121 100
2582 0.290973551611 482
2583 0.0 88
2584 0.48443036257 431
2585 0.252336560252 212
2586 0.709293873764 116
2587 0.788705555139 277
2588 0.64005097429 167
2589 0.252336560252 207
2590 0.256562666705 111
2591 0.0 57
2592 0.379054415314 142
2593 0.625187694901 337
2594 0.503496147268 2127
2595 0.519387993313 94
2596 0.234331962424 311
2597 0.36771998047 51
2598 0.36771998047 51
2599 0.465045690628 141
2600 0.39261410366 132
2601 0.145345611693 174
2602 0.372855309156 253
2603 0.153886912241 307
2604 0.428895264239 260
2605 0.533987942252 2148
2606 0.407352604289 94
2607 0.628546731663 312
2608 0.427325336793 155
2609 0.240263504 397
2610 0.176242345649 249
2611 0.306763524648 339
2612 0.376191858868 148
2613 0.0 155
2614 0.23744188867 313
2615 0.0794367698504 75
2616 0.22177325022 130
2617 0.490534852209 122
2618 0.783408305876 194
2619 0.712651176686 204
2620 0.201628443298 269
2621 0.449988656407 45
2622 0.153097524215 131
2623 0.53724507516 73
2624 0.569750511729 696
2625 0.288511552931 268
2626 0.641797054138 95
2627 0.274516840001 54
2628 0.17702832333 200
2629 0.31867418263 96
2630 0.64409678871 155
2631 0.535980542151 108
2632 0.807863631877 190
2633 0.685318623663 207
2634 0.0964487068472 222
2635 0.0636012057567 84
2636 0.178002441483 142
2637 0.381251256488 270
2638 0.19764748965 146
2639 0.345693834649 159
2640 0.183671683482 87
2641 0.324675889097 171
2642 0.427221470844 200
2643 0.429810066321 183
2644 0.926636821104 109
2645 0.449877214509 58
2646 0.384131688763 201
2647 0.0 87
2648 0.440708664995 81
2649 0.440490084056 121
2650 0.569707709055 50
2651 0.776514530475 61
2652 0.48383018747 128
2653 0.360987421323 100
2654 0.494805763032 194
2655 0.282865609441 237
2656 0.403847457648 201
2657 0.402393679666 82
2658 0.429810066321 183
2659 0.160173370908 298
2660 0.0764496231896 123
2661 0.394078522601 194
2662 0.568999910648 1523
2663 0.141430567926 124
2664 0.208983689196 124
2665 0.579738671538 61
2666 0.427127858462 229
2667 0.291219418564 64
2668 0.278891418126 127
2669 0.038997961534 157
2670 0.318784021754 107
2671 0.377913218433 162
2672 0.165029566986 534
2673 0.318784021754 109
2674 0.268742099468 174
2675 0.174083368123 290
2676 0.736969418669 136
2677 0.132613321965 288
2678 0.663166130043 883
2679 0.495641952772 135
2680 0.125509792063 429
2681 0.173143455894 277
2682 0.745829952277 190
2683 0.658327854482 166
2684 0.202172883716 85
2685 0.562593744122 497
2686 0.0154315371418 39
2687 0.201993092498 45
2688 0.192408118785 144
2689 0.220201387154 67
2690 0.183464344488 154
2691 0.394594685949 175
2692 0.415489121638 185
2693 0.44279066477 126
2694 0.630989844066 244
2695 0.461209422678 102
2696 0.53139112583 186
2697 0.260555671056 45
2698 0.252771111201 87
2699 0.655210169304 128
2700 0.185874838633 275
2701 0.136553137693 450
2702 0.368319399852 338
2703 0.449436416524 56
2704 0.17958710545 190
2705 0.333863063366 310
2706 0.634414761755 46
2707 0.375210093058 65
2708 0.35510477477 383
2709 0.422617005201 345
2710 0.313242190482 396
2711 0.463675891486 137
2712 0.446894202258 65
2713 0.136553137693 328
2714 0.426153768081 311
2715 0.506695074924 65
2716 0.191763501687 327
2717 0.204571905706 178
2718 0.307588119116 307
2719 0.634414761755 46
2720 0.727659653003 141
2721 0.274157202482 275
2722 0.434586315902 411
2723 0.0 61
2724 0.374807770059 107
2725 0.237903094633 130
2726 0.228225269578 82
2727 0.334837390571 71
2728 0.30085114145 295
2729 0.36771998047 92
2730 0.322604508654 153
2731 0.57686969033 365
2732 0.224365452507 295
2733 0.0 54
2734 0.164995194184 127
2735 0.296186079331 209
2736 0.0 42
2737 0.476001694686 609
2738 0.194511226927 209
2739 0.481015970836 156
2740 0.438779031941 329
2741 0.825560729064 274
2742 0.747494196142 194
2743 0.326666025738 238
2744 0.544768339941 498
2745 0.105366171939 315
2746 0.520225299762 196
2747 0.218154470576 153
2748 0.674869789335 789
2749 0.2158900382 374
2750 0.329034611877 126
2751 0.319781661097 126
2752 0.696795565727 455
2753 0.241446175752 129
2754 0.302333563929 84
2755 0.432318281427 381
2756 0.302333563929 84
2757 0.218154470576 151
2758 0.329034611877 128
2759 0.439274990316 153
2760 0.635272806361 485
2761 0.805936233014 236
2762 0.285493609692 243
2763 0.696795565727 451
2764 0.408320211397 199
2765 0.267531848321 119
2766 0.278492803977 209
2767 0.545045750372 144
2768 0.545045750372 138
2769 0.35510477477 383
2770 0.449436416524 56
2771 0.00492858037639 66
2772 0.274157202482 275
2773 0.333863063366 312
2774 0.136553137693 450
2775 0.506695074924 65
2776 0.254356166096 299
2777 0.254356166096 301
2778 0.254356166096 301
2779 0.161337669412 190
2780 0.254356166096 295
2781 0.634414761755 46
2782 0.348614272658 195
2783 0.0 42
2784 0.159764209241 147
2785 0.372413689607 336
2786 0.254356166096 303
2787 0.274695297495 295
2788 0.331496295039 396
2789 0.422617005201 341
2790 0.480317410994 135
2791 0.446894202258 65
2792 0.480317410994 135
2793 0.313242190482 396
2794 0.446894202258 65
2795 0.422617005201 343
2796 0.00105327555283 109
2797 0.19087406613 117
2798 0.0974565526429 81
2799 0.466211620305 99
2800 0.137048188596 165
2801 0.0521732462668 74
2802 0.204000220653 89
2803 0.31882760575 85
2804 0.0 42
2805 0.237954893005 295
2806 0.237954893005 295
2807 0.635328819567 153
2808 0.164995194184 127
2809 0.229325689317 147
2810 0.241299136472 81
2811 0.105992131351 76
2812 0.259918888301 137
2813 0.0 42
2814 0.278540243321 73
2815 0.278540243321 74
2816 0.0 63
2817 0.473841920852 59
2818 0.0 73
2819 0.278540243321 75
2820 0.0793631068105 147
2821 0.232067733021 198
2822 0.568480538261 53
2823 0.240128371096 67
2824 0.46210624168 60
2825 0.360658944897 122
2826 0.595382785942 59
2827 0.524687598499 54
2828 0.0750828724947 82
2829 0.394725891359 78
2830 0.538100322105 184
2831 0.144383555277 53
2832 0.237903094633 61
2833 0.40101703985 189
2834 0.407326751382 184
2835 0.0503428506567 214
2836 0.54332783186 65
2837 0.0427243193594 110
2838 0.433181579085 95
2839 0.040928903968 160
2840 0.317348083198 90
2841 0.102148419082 369
2842 0.524687598499 56
2843 0.524687598499 57
2844 0.241734465887 166
2845 0.449433347575 54
2846 0.524687598499 59
2847 0.350901521796 103
2848 0.225400900504 66
2849 0.236364899562 68
2850 0.350901521796 105
2851 0.232349985846 75
2852 0.285179284608 125
2853 0.0 70
2854 0.351135466329 53
2855 0.0 69
2856 0.410362644952 89
2857 0.0602522675122 91
2858 0.410362644952 89
2859 0.361130568421 52
2860 0.0 77
2861 0.0 63
2862 0.205211740508 87
2863 0.188828790424 86
2864 0.173864017725 85
2865 0.458938861331 61
2866 0.529662279602 56
2867 0.046406190306 89
2868 0.173864017725 82
2869 0.529662279602 59
2870 0.529662279602 57
2871 0.492573892772 60
2872 0.141682153596 112
2873 0.202665028948 83
2874 0.23936944774 111
2875 0.144371969359 267
2876 0.237300899424 67
2877 0.133501249859 128
2878 0.241213606675 61
2879 0.277280735105 61
2880 0.262372029085 62
2881 0.0570065534192 96
1 0.11999089017 65
2 0.325220328579 68
3 0.347315277375 92
4 0.257309171865 133
5 0.192590717049 68
6 0.196001050603 70
7 0.261765942764 160
8 0.153746069648 72
9 0.296672366897 70
10 0.57273935842 81
11 0.570483050789 176
12 0.439015465545 55
13 0.271243360509 178
14 0.317166898514 180
15 0.17707518168 83
16 0.432714100872 172
17 0.480228123558 176
18 0.19785318494 56
19 0.225380123161 165
20 0.616185429046 64
21 0.579738671538 46
22 0.475143570351 50
23 0.709297266606 50
24 0.616185429046 54
25 0.709297266606 48
26 0.616185429046 58
27 0.709297266606 49
28 0.0 45
29 0.709297266606 53
30 0.194314340169 48
31 0.0850786486169 64
32 0.616185429046 56
33 0.269696659983 113
34 0.30321606445 106
35 0.641841226123 161
36 0.269696659983 115
37 0.30321606445 102
38 0.0801088417081 182
39 0.269696659983 118
40 0.641841226123 173
41 0.269696659983 123
42 0.30321606445 102
43 0.30321606445 100
44 0.0845111509034 127
45 0.641841226123 158
46 0.0706163279953 115
47 0.641841226123 164
1 0.11999089017 65
2 0.325220328579 68
3 0.347315277375 92
4 0.257309171865 133
5 0.192590717049 68
6 0.196001050603 70
7 0.261765942764 160
8 0.153746069648 72
9 0.296672366897 70
10 0.57273935842 81
11 0.570483050789 176
12 0.439015465545 55
13 0.271243360509 178
14 0.317166898514 180
15 0.17707518168 83
16 0.432714100872 172
17 0.480228123558 176
18 0.19785318494 56
19 0.225380123161 165
20 0.616185429046 64
21 0.579738671538 46
22 0.475143570351 50
23 0.709297266606 50
24 0.616185429046 54
25 0.709297266606 48
26 0.616185429046 58
27 0.709297266606 49
28 0.0 45
29 0.709297266606 53
30 0.194314340169 48
31 0.0850786486169 64
32 0.616185429046 56
33 0.269696659983 113
34 0.30321606445 106
35 0.641841226123 161
36 0.269696659983 115
37 0.30321606445 102
38 0.0801088417081 182
39 0.269696659983 118
40 0.641841226123 173
41 0.269696659983 123
42 0.30321606445 102
43 0.30321606445 100
44 0.0845111509034 127
45 0.641841226123 158
46 0.0706163279953 115
47 0.641841226123 164
